// Job-specific Stat Bonuses Database
//
// Structure of Database:
// JobID,JobLv1,JobLv2,JobLv3,...
//
// Legend for 'JobLvN' fields:
//  0 = No stat bonus at this job level
//  1 = STR increased by 1 at this job level
//  2 = AGI increased by 1 at this job level
//  3 = VIT increased by 1 at this job level
//  4 = INT increased by 1 at this job level
//  5 = DEX increased by 1 at this job level
//  6 = LUK increased by 1 at this job level
//
// See also: https://gitlab.com/evol/evol-all/issues/67
//

// .:: HUMANS ::.
// Kaizei Human
0,0,0,0,0,3,0,0,0,0,2,0,0,0,0,1,0,0,0,0,4,0,0,0,0,5,0,0,0,0,6,0,0,0,0,2,0,0,0,0,1,0,0,0,0,5,0,0,0,0,4,0,0,0,0,3,0,0,0,0,2,0,0,0,0,1,0,0,0,0,4,0,0,0,0,5,0,0,0,0,6,0,0,0,0,2,0,0,0,0,1
// Argaes Human
0,0,0,0,0,3,0,0,0,0,2,0,0,0,0,1,0,0,0,0,4,0,0,0,0,5,0,0,0,0,6,0,0,0,0,2,0,0,0,0,1,0,0,0,0,5,0,0,0,0,4,0,0,0,0,3,0,0,0,0,2,0,0,0,0,1,0,0,0,0,4,0,0,0,0,5,0,0,0,0,6,0,0,0,0,2,0,0,0,0,1
// Tonori Human
0,0,0,0,0,3,0,0,0,0,2,0,0,0,0,1,0,0,0,0,4,0,0,0,0,5,0,0,0,0,6,0,0,0,0,2,0,0,0,0,1,0,0,0,0,5,0,0,0,0,4,0,0,0,0,3,0,0,0,0,2,0,0,0,0,1,0,0,0,0,4,0,0,0,0,5,0,0,0,0,6,0,0,0,0,2,0,0,0,0,1


// .:: RAIJINS ::.
// Light Raijin
3,0,0,0,0,4,0,0,0,0,5,0,0,0,0,2,0,0,0,0,4,0,0,0,0,6,0,0,0,0,2,0,0,0,0,4,0,0,0,0,5,0,0,0,0,6,0,0,0,0,4,0,0,0,0,4,0,0,0,0,5,0,0,0,0,2,0,0,0,0,4,0,0,0,0,6,0,0,0,0,2,0,0,0,0,4,0,0,0,0,5
// Dark Raijin
5,0,0,0,0,4,0,0,0,0,5,0,0,0,0,2,0,0,0,0,4,0,0,0,0,6,0,0,0,0,2,0,0,0,0,4,0,0,0,0,5,0,0,0,0,6,0,0,0,0,4,0,0,0,0,4,0,0,0,0,5,0,0,0,0,2,0,0,0,0,4,0,0,0,0,6,0,0,0,0,2,0,0,0,0,4,0,0,0,0,5


// .:: KRALOGS ::.
// Fire Kralog
2,0,0,0,0,1,0,0,0,0,6,0,0,0,0,3,0,0,0,0,5,0,0,0,0,1,0,0,0,0,3,0,0,0,0,2,0,0,0,0,1,0,0,0,0,6,0,0,0,0,4,0,0,0,0,1,0,0,0,0,6,0,0,0,0,3,0,0,0,0,5,0,0,0,0,1,0,0,0,0,3,0,0,0,0,2,0,0,0,0,1
// Frost Kralog
4,0,0,0,0,1,0,0,0,0,6,0,0,0,0,3,0,0,0,0,5,0,0,0,0,1,0,0,0,0,3,0,0,0,0,2,0,0,0,0,1,0,0,0,0,6,0,0,0,0,4,0,0,0,0,1,0,0,0,0,6,0,0,0,0,3,0,0,0,0,5,0,0,0,0,1,0,0,0,0,3,0,0,0,0,2,0,0,0,0,1


// .:: UKARS ::.
// Cave Ukar
1,0,0,0,0,3,0,0,0,0,1,0,0,0,0,2,0,0,0,0,3,0,0,0,0,5,0,0,0,0,6,0,0,0,0,1,0,0,0,0,3,0,0,0,0,5,0,0,0,0,2,0,0,0,0,3,0,0,0,0,1,0,0,0,0,2,0,0,0,0,3,0,0,0,0,5,0,0,0,0,6,0,0,0,0,1,0,0,0,0,3
// Mountain Ukar
10,0,0,0,0,3,0,0,0,0,1,0,0,0,0,2,0,0,0,0,3,0,0,0,0,5,0,0,0,0,6,0,0,0,0,1,0,0,0,0,3,0,0,0,0,5,0,0,0,0,2,0,0,0,0,3,0,0,0,0,1,0,0,0,0,2,0,0,0,0,3,0,0,0,0,5,0,0,0,0,6,0,0,0,0,1,0,0,0,0,3


// .:: TRITANS ::.
// Sea Tritan
6,0,0,0,0,2,0,0,0,0,5,0,0,0,0,4,0,0,0,0,6,0,0,0,0,3,0,0,0,0,5,0,0,0,0,2,0,0,0,0,4,0,0,0,0,2,0,0,0,0,1,0,0,0,0,2,0,0,0,0,5,0,0,0,0,4,0,0,0,0,6,0,0,0,0,3,0,0,0,0,5,0,0,0,0,2,0,0,0,0,4,0,0,0,0,2,0,0,0,0,1
// Lake Tritan
9,0,0,0,0,2,0,0,0,0,5,0,0,0,0,4,0,0,0,0,6,0,0,0,0,3,0,0,0,0,5,0,0,0,0,2,0,0,0,0,4,0,0,0,0,2,0,0,0,0,1,0,0,0,0,2,0,0,0,0,5,0,0,0,0,4,0,0,0,0,6,0,0,0,0,3,0,0,0,0,5,0,0,0,0,2,0,0,0,0,4,0,0,0,0,2,0,0,0,0,1


