// Job-specific Values Database
//
// Structure of Database:
// JobID,Weight,HPFactor,HPMultiplicator,SPFactor,Unarmed,Dagger,1HSword,2HSword,1HSpear,2HSpear,1HAxe,2HAxe,1HMace,2HMace(unused),Rod,Bow,Knuckle,Instrument,Whip,Book,Katar,Revolver,Rifle,Gatling Gun,Shotgun,Grenade Launcher,Fuuma Shuriken,2HStaff,Shield
//
// Novice
0,	20000,0    ,500  ,100  ,440  ,590  ,610  ,2000 ,2000 ,2000 ,540  ,2000 ,540  ,540  ,690  ,2000 ,2000 ,2000 ,2000 ,2000 ,2000 ,2000 ,2000 ,2000 ,2000 ,2000 ,2000 ,690  ,540  
100,	20000,0    ,500  ,100  ,440  ,590  ,610  ,2000 ,2000 ,2000 ,540  ,2000 ,540  ,540  ,690  ,2000 ,2000 ,2000 ,2000 ,2000 ,2000 ,2000 ,2000 ,2000 ,2000 ,2000 ,2000 ,690  ,540  
101,	20000,0    ,500  ,100  ,440  ,590  ,610  ,2000 ,2000 ,2000 ,540  ,2000 ,540  ,540  ,690  ,2000 ,2000 ,2000 ,2000 ,2000 ,2000 ,2000 ,2000 ,2000 ,2000 ,2000 ,2000 ,690  ,540  
102,	20000,0    ,500  ,100  ,440  ,590  ,610  ,2000 ,2000 ,2000 ,540  ,2000 ,540  ,540  ,690  ,2000 ,2000 ,2000 ,2000 ,2000 ,2000 ,2000 ,2000 ,2000 ,2000 ,2000 ,2000 ,690  ,540  
103,	20000,0    ,500  ,100  ,440  ,590  ,610  ,2000 ,2000 ,2000 ,540  ,2000 ,540  ,540  ,690  ,2000 ,2000 ,2000 ,2000 ,2000 ,2000 ,2000 ,2000 ,2000 ,2000 ,2000 ,2000 ,690  ,540  
104,	20000,0    ,500  ,100  ,440  ,590  ,610  ,2000 ,2000 ,2000 ,540  ,2000 ,540  ,540  ,690  ,2000 ,2000 ,2000 ,2000 ,2000 ,2000 ,2000 ,2000 ,2000 ,2000 ,2000 ,2000 ,690  ,540  
105,	20000,0    ,500  ,100  ,440  ,590  ,610  ,2000 ,2000 ,2000 ,540  ,2000 ,540  ,540  ,690  ,2000 ,2000 ,2000 ,2000 ,2000 ,2000 ,2000 ,2000 ,2000 ,2000 ,2000 ,2000 ,690  ,540  
106,	20000,0    ,500  ,100  ,440  ,590  ,610  ,2000 ,2000 ,2000 ,540  ,2000 ,540  ,540  ,690  ,2000 ,2000 ,2000 ,2000 ,2000 ,2000 ,2000 ,2000 ,2000 ,2000 ,2000 ,2000 ,690  ,540  
